999999999,33,111111111,11,119.2746,26.0852
999999999,66,222222222,22,119.2746,26.0852
888888888,44,333333333,10,119.2746,26.0852
106954753,36,106986241,29,119.2746,26.0852
106954753,60,106954754,40,119.2746,26.0855
106954753,54,106954754,39,119.2745,26.0854
106954753,54,62327939,43,119.2758,26.0874
106954753,41,106986241,36,119.2745,26.0854
106954753,54,106954754,49,119.2745,26.0866
106954753,46,106986241,41,119.2748,26.0857
106954753,47,106954754,32,119.2749,26.0858
106954753,47,106986241,39,119.2749,26.0858
106954753,49,106986241,39,119.2743,26.0854
106954753,46,106954754,44,119.2748,26.0857
106954753,47,106986241,30,119.2749,26.0853
106954753,56,106986241,44,119.275,26.0854
106954753,53,106986241,44,119.275,26.0854
106954753,58,106986241,46,119.275,26.086
106954753,58,62327940,51,119.276,26.0852
106954753,41,106986241,33,119.2748,26.0857
106954753,53,106954754,36,119.2748,26.0857
106954753,48,106954754,30,119.2749,26.0853
106954753,52,106954754,36,119.2747,26.0854
106954753,39,106954754,29,119.2763,26.0844
106954753,53,106954754,43,119.2747,26.0853
106954753,49,106954754,46,119.2744,26.0854
106954753,54,106986241,44,119.2744,26.0853
106954753,67,106986241,48,119.2745,26.0852
106954753,37,null,32,119.2748,26.0848
106954753,50,106954754,48,119.2748,26.0857
106954753,52,106954754,31,119.2747,26.0856
106954753,53,106986241,40,119.2743,26.0858
106954753,34,106986241,29,119.2764,26.086
106954753,44,106986241,34,119.274,26.0852
106954753,45,106986241,37,119.2748,26.0858
106954753,47,106954754,33,119.2748,26.0857
106954753,46,null,29,119.2748,26.0858
106954753,61,106986241,48,119.2749,26.0853
106954753,44,106986241,30,119.2748,26.0857
106954753,52,106986241,38,119.2756,26.0848
106954753,47,106986241,37,119.2748,26.0857
106954753,39,106986241,24,119.2748,26.0857
106954753,54,106954754,39,119.2747,26.0854
106954753,58,33637696,53,119.2748,26.0858
106954753,44,106986241,39,119.2752,26.0856
106954753,44,33637696,36,119.2749,26.0858
106954753,51,106986241,44,119.2735,26.0842
106954753,54,62327939,49,119.2745,26.0866
106954753,55,106954754,38,119.2745,26.0853
106954753,37,106967554,29,119.2756,26.0849
106954753,47,106986241,39,119.2748,26.0857
106954753,36,106986241,29,119.2748,26.0857
106954753,46,106986241,31,119.2748,26.0857
106954753,46,106986241,35,119.2748,26.0857
106954753,39,59374466,28,119.2748,26.0857
106954753,54,106954755,47,119.2758,26.0874
106954753,41,106954754,30,119.2748,26.0857
106954753,47,106986241,45,119.2748,26.0858
106954753,50,58737538,34,119.2763,26.0855
106954753,41,106986241,35,119.2746,26.0856
106954753,53,106986241,37,119.2747,26.0856
106954753,60,106986241,40,119.2746,26.0851
106954753,53,106986241,37,119.2748,26.0857
106954753,52,106986241,46,119.2743,26.0855
106954753,51,106986241,35,119.2748,26.0857
106954753,52,106954754,39,119.2755,26.0869
106954753,48,58737538,37,119.2748,26.0857
106954753,38,null,35,119.2748,26.0848
106954753,44,106954754,35,119.2732,26.0857
106954753,48,106986241,33,119.2749,26.0853
106954753,37,106986241,37,119.2748,26.0858
106954753,54,106986241,45,119.2746,26.0855
106954753,55,106986241,39,119.2745,26.0861
106954753,51,106954754,36,119.2747,26.0854
106954753,52,106954754,36,119.2744,26.0852
106954753,44,62327939,38,119.2749,26.0859
106954753,45,106987267,36,119.2766,26.0843
106954753,43,106987267,35,119.2768,26.0842
106954753,57,106954754,33,119.2749,26.0853
106954753,64,106986241,45,119.2744,26.0853
106954753,56,106954754,41,119.2747,26.0854
106954753,55,106986241,45,119.2742,26.0858
106954753,45,106954754,26,119.2752,26.0855
106954753,48,106986241,44,119.2737,26.0852
106954753,46,106986241,43,119.2748,26.0857
106954753,40,106954754,33,119.2748,26.0857
106954753,41,62327939,31,119.2748,26.0858
106954753,58,106986241,41,119.2748,26.0855
106954753,49,106954755,45,119.2753,26.0869
106954753,54,106954754,39,119.2744,26.0853
106954753,44,106986241,35,119.2759,26.085
106954753,52,106986241,35,119.2743,26.0858
106954753,57,106986241,42,119.2751,26.0856
106954753,42,33637696,37,119.2749,26.0858
106954753,46,106954754,45,119.2733,26.0857
106954753,50,106986241,42,119.2742,26.0858
106954753,56,106954754,40,119.2751,26.0857
106954753,42,106986241,29,119.2756,26.085
106954753,44,106967554,33,119.2756,26.085
106954753,60,106986241,45,119.2745,26.0854
106954753,53,106986241,41,119.2742,26.0858
106954753,58,106954754,38,119.2748,26.0854
106954753,52,106954754,36,119.2756,26.085
106954753,47,106986241,42,119.2748,26.0858
106954753,62,106954754,45,119.2748,26.0857
106954753,45,106986241,32,119.2748,26.0857
106954753,51,106986241,43,119.2737,26.0852
106954753,40,106954754,30,119.2737,26.0853
106954753,52,106954754,44,119.2747,26.0853
106954753,40,106986241,31,119.2745,26.0854
106954753,40,106986241,31,119.275,26.0856
106954753,49,106967553,41,119.2748,26.0858
106954753,61,106986241,62,119.2748,26.0851
106954753,44,106954754,29,119.2749,26.0858
106954753,54,106954754,53,119.2746,26.0855
106954753,43,106986241,35,119.2748,26.0857
106954753,62,106954754,52,119.2746,26.0854
106954753,47,106986241,38,119.2744,26.0853
106954753,35,106954754,19,119.2754,26.0847
106954753,53,106954754,35,119.2747,26.0856
106954753,49,106986241,38,119.2743,26.0854
106954753,49,106986241,43,119.275,26.0856
106954753,56,106986241,46,119.2743,26.0857
106954753,43,106986241,37,119.2748,26.0858
106954753,50,106954754,42,119.2758,26.0874
106954753,47,106954754,42,119.2734,26.0857
106954753,47,106986241,40,119.2748,26.0857
106954753,53,106986243,49,119.2717,26.0839
106954753,60,106986241,47,119.2748,26.0857
106954753,40,106986241,33,119.2745,26.0854
106954753,49,106986241,32,119.2748,26.0857
106954753,50,106954754,46,119.2758,26.0874
106954753,50,null,41,119.2742,26.0858
106954753,52,106954754,52,119.2742,26.0858
106954753,42,58737538,37,119.2749,26.0858
106954753,50,106954754,49,119.275,26.086
106954753,40,59374466,34,119.2763,26.0844
106954753,54,106986241,46,119.2746,26.0855
106954753,59,106986241,58,119.275,26.0852
106954753,36,null,30,119.2748,26.0858
106954753,55,106954755,54,119.2748,26.086
106954753,43,106986241,38,119.2753,26.0852
106954753,54,106986241,39,119.2749,26.0858
106954753,67,106954754,36,119.2745,26.0852
106954753,54,106954754,33,119.2749,26.0858
106954753,36,62327939,31,119.2748,26.0857
106954753,49,106954754,39,119.2744,26.0854
106954753,38,106967554,33,119.2766,26.0852
106954753,55,106986241,36,119.2745,26.0854
106954753,47,33637696,36,119.2748,26.0857
106954753,36,58737538,30,119.2756,26.0849
106954753,49,106954755,39,119.2743,26.0854
106954753,55,106954754,38,119.2751,26.0857
106954753,59,106986241,43,119.2744,26.0854
106954753,39,59374466,35,119.2763,26.0844
106954753,34,106954754,29,119.2741,26.086
106954753,54,106954754,48,119.2746,26.0855
106954753,37,106986241,35,119.2748,26.0857
106954753,46,58737538,37,119.2749,26.0858
106954753,57,106986241,44,119.2748,26.086
106954753,49,null,35,119.2748,26.0857
106954753,40,106954754,37,119.2736,26.0855
106954753,53,106954754,41,119.2748,26.0857
106954753,43,106986241,39,119.2748,26.0858
106954753,49,106986241,30,119.2748,26.0857
106954753,58,106986241,38,119.2747,26.0854
106954753,35,106986241,25,119.2754,26.0847
106954753,53,106954754,49,119.2745,26.0866
106954753,54,106986241,41,119.2744,26.0854
106954753,41,106986241,39,119.2748,26.0857
106954753,53,106986241,40,119.2742,26.0852
106954753,40,106954754,35,119.2746,26.0853
106954753,44,106986241,31,119.2753,26.0847
106954753,52,106954754,45,119.2749,26.0861
106954753,57,106954754,40,119.2752,26.0857
106954753,39,59374466,36,119.2763,26.0844
106954753,34,null,31,119.2764,26.086
106954753,53,106954754,46,119.2764,26.0848
106954753,53,106986241,34,119.2747,26.0856
106954753,33,106986241,27,119.2748,26.0857
106954753,36,106986241,26,119.2754,26.0848
106954753,56,106954755,43,119.275,26.086
106954753,49,106986241,38,119.2744,26.0854
106954753,37,59374466,29,119.2748,26.0857
106954753,57,106986241,46,119.2742,26.0858
106954753,39,106954754,31,119.2751,26.0865
106954753,56,106954755,51,119.2758,26.0874
106954753,49,106954754,35,119.2745,26.0854
106954753,35,106954754,33,119.2734,26.086
106954753,44,58737538,31,119.2759,26.085
106954753,41,58737538,32,119.2759,26.0853
106954753,41,106986241,35,119.2759,26.0853
106954753,41,106967554,30,119.2759,26.0853
106954753,60,106986241,38,119.2746,26.0855
106954753,39,59374466,32,119.2763,26.0844
106954753,45,106986241,40,119.2733,26.0857
106954753,52,106986241,47,119.2748,26.0858
106954753,40,59374466,29,119.2752,26.0848
106954753,38,106954754,35,119.2755,26.0867
106954753,41,106954755,36,119.2748,26.0857
106954753,56,106954754,45,119.2764,26.0848
106954753,28,5735554,30,119.2705,26.0863
106954753,49,106954754,43,119.2733,26.0857
106954753,57,106954755,53,119.2748,26.086
106954753,40,106954754,33,119.2739,26.0858
106954753,31,62327939,33,119.2775,26.0867
106954753,49,58737538,37,119.2766,26.0851
106954753,31,null,37,119.2775,26.0867
106954753,47,106986241,45,119.275,26.0857
106954753,57,106954754,37,119.2748,26.0855
106954753,46,106986241,41,119.2756,26.0848
106954753,60,106986241,40,119.2743,26.0858
106954753,56,106954754,55,119.2743,26.0857
106954753,55,106954755,49,119.2745,26.0866
106954753,58,62327939,43,119.2751,26.0858
106954753,40,106986241,34,119.2748,26.0855
106954753,40,106986241,34,119.2753,26.0857
106954753,58,106954754,43,119.2748,26.0857
106954753,42,106986241,37,119.2748,26.0858
106954753,48,106986241,31,119.2753,26.0847
106954753,52,106954755,37,119.2748,26.0857
106954753,41,106986241,33,119.2741,26.0852
106954753,54,106986241,40,119.2742,26.0858
106954753,58,106986241,42,119.2751,26.0858
106954753,39,106954754,24,119.275,26.0864
106954753,50,106954754,38,119.2755,26.0869
106954753,56,106954754,40,119.2745,26.0853
106954753,41,106986241,31,119.2746,26.0856
106954753,49,106954755,39,119.2744,26.0853
106954753,44,62327940,34,119.2737,26.0852
106954753,50,106954755,48,119.2758,26.0874
106954753,51,62327939,42,119.2764,26.0848
106954753,52,106954754,37,119.2745,26.0852
106954753,41,62327939,34,119.2746,26.0856
106954753,52,106986241,37,119.2748,26.0857
106954753,57,106986241,45,119.2746,26.0855
106954753,40,106986241,36,119.2748,26.0855
106954753,43,33637696,34,119.2758,26.0851
106954753,49,106954754,47,119.2748,26.0858
106954753,61,106986241,52,119.2748,26.0857
106954753,45,106986241,38,119.2749,26.0858
106954753,46,33637696,41,119.2749,26.0858
106954753,52,106986241,38,119.2756,26.085
106954753,44,58737538,32,119.2756,26.085
106954753,51,106986241,46,119.2737,26.0852
106954753,37,null,31,119.2748,26.0858
106954753,48,106954754,31,119.2747,26.0855
106954753,36,106986241,30,119.2748,26.0857
106954753,37,106954755,30,119.2765,26.0852
106954753,51,106954754,52,119.2734,26.0856
106954753,42,62327939,32,119.2748,26.0857
106954753,45,106986241,38,119.2751,26.0856
106954753,37,106954755,35,119.2748,26.0857
106954753,41,106954754,26,119.2745,26.0844
106954753,36,59374466,27,119.2748,26.0857
106954753,48,106986241,36,119.2732,26.0856
106954753,55,106954754,41,119.2747,26.0854
106954753,57,106986241,48,119.2745,26.0865
106954753,65,106986241,38,119.2756,26.0848
106954753,45,106954754,29,119.2749,26.0858
106954753,50,106954754,45,119.2748,26.0857
106954753,52,59374466,34,119.2748,26.0857
106954753,35,58737538,30,119.2756,26.0872
106954753,50,106954754,49,119.2756,26.085
106954753,51,106986241,41,119.2744,26.0853
106954753,55,106954754,35,119.2747,26.0856
106954753,60,106986241,46,119.2751,26.0857
106954753,38,106954755,25,119.2748,26.0857
106954753,53,106954754,41,119.2751,26.0858
106954753,54,106954755,49,119.2764,26.0848
106954753,50,106954754,46,119.2733,26.0857
106954753,49,106986241,42,119.2734,26.0844
106954753,41,106954755,33,119.2748,26.0857
106954753,42,106986241,25,119.2754,26.0848
106954753,49,106986241,41,119.2748,26.0857
106954753,61,106954754,41,119.2746,26.0854
106954753,48,106986241,49,119.2748,26.0857
106954753,56,106986241,42,119.2745,26.0861
106954753,64,106986241,44,119.2746,26.0854
106954753,37,106967554,30,119.2765,26.0852
106954753,50,33637696,34,119.2763,26.0855
106954753,41,58737538,34,119.2748,26.0857
106954753,53,106954755,48,119.2745,26.0866
106954753,40,106954754,34,119.2763,26.0844
106954753,52,106986241,39,119.2744,26.0853
106954753,41,null,32,119.2748,26.0858
106954753,44,62327940,38,119.2749,26.0859
106954753,49,106986241,46,119.275,26.0859
106954753,55,106954754,48,119.2743,26.0857
106954753,51,106954754,46,119.2764,26.0848
106954753,51,58737538,43,119.2733,26.0857
106954753,59,106954755,41,119.2751,26.0857
106954753,53,106986241,45,119.2751,26.0858
106954753,39,106986241,33,119.2748,26.0855
106954753,40,106986241,29,119.2763,26.0844
106954753,44,106986241,44,119.2745,26.0854
106954753,36,106986241,27,119.2746,26.0856
106954753,49,106986241,49,119.2748,26.0857
106954753,42,106986241,28,119.2744,26.0854
106954753,41,106986241,29,119.2746,26.0856
106954753,53,106954754,38,119.2744,26.085
106954753,48,106954755,41,119.2749,26.0861
106954753,49,106986241,36,119.2748,26.0857
106954753,60,106986241,45,119.2745,26.0853
106954753,57,62327938,49,119.276,26.0852
106954753,50,106954755,52,119.2758,26.0874
106954753,35,106986241,39,119.2748,26.0858
106954753,59,106986241,45,119.2751,26.0857
106954753,60,106954754,44,119.2748,26.0857
106954753,55,106954754,39,119.2747,26.0854
106954753,55,106954754,50,119.2745,26.0866
106954753,46,106986241,37,119.274,26.0849
106954753,47,62327939,49,119.275,26.0857
106954753,55,106986241,49,119.275,26.0856
106954753,45,106986241,38,119.2748,26.0857
106954753,48,106954754,41,119.2732,26.0856
106954753,53,106986241,50,119.2748,26.0857
106954753,52,106954754,29,119.2744,26.0853
106954753,55,106986241,45,119.2748,26.086
106954753,58,106954754,49,119.2764,26.0848
106954753,45,58737538,37,119.2748,26.0857
106954753,36,106967554,30,119.2748,26.0857
106954753,40,106986241,40,119.2755,26.0847
106954753,45,106986241,41,119.2766,26.0843
106954753,55,106954754,52,119.2748,26.0861
106954753,39,106954754,31,119.2763,26.0844
106954753,51,106986241,39,119.2738,26.0852
106954753,42,59374466,29,119.2748,26.0857
106954753,53,106986241,36,119.2756,26.0848
106954753,60,106986241,40,119.2744,26.0853
106954753,53,106986241,43,119.2748,26.0857
106954753,50,106986241,45,119.2737,26.0852
106954753,33,106986241,29,119.2764,26.086
106954753,46,106986241,37,119.2737,26.0852
106954753,43,106986241,33,119.2748,26.0857
106954753,58,106986241,49,119.2742,26.085
106954753,53,106954755,51,119.2764,26.0848
106954753,44,106986241,42,119.2748,26.0857
106954753,41,106986241,38,119.2746,26.0856
106954753,50,106954754,48,119.2748,26.0858
106954753,63,106986241,39,119.2748,26.0857
106954753,38,106954754,34,119.2748,26.0857
106954753,52,106986241,44,119.2749,26.0861
106954753,55,106986241,48,119.2752,26.0857
106954753,49,106954754,39,119.2743,26.0854
106954753,47,106954754,43,119.2734,26.0857
106954753,51,106954754,48,119.2742,26.0858
106954753,37,106967554,31,119.2748,26.0857
106954753,39,59374466,38,119.2763,26.0844
106954753,50,106986241,33,119.2748,26.0857
106954753,40,106986241,31,119.2745,26.0853
106954753,42,106986241,29,119.2748,26.0857
106954753,38,null,43,119.2748,26.0857
106954753,50,106986241,42,119.2744,26.0853
106954753,51,106954754,47,119.2748,26.0858
106954753,34,106986241,29,119.2751,26.0852
106954753,49,62327940,34,119.2738,26.0852
106954753,53,106954755,43,119.2734,26.0857
106954753,37,106986241,33,119.2757,26.0849
106954753,52,106986241,40,119.2744,26.0862
106954753,55,106986241,38,119.2745,26.0854
106954753,36,106986241,29,119.2756,26.0849
106954753,47,106954754,46,119.2733,26.0857
106954753,51,58737538,35,119.2748,26.0857
106954753,39,106954754,32,119.2763,26.0844
106954753,51,33637696,48,119.2733,26.0857
106954753,52,106986241,43,119.2757,26.085
106954753,47,106986241,34,119.2742,26.0859
106954753,38,106954755,40,119.2755,26.0862
106954753,50,106954755,44,119.2748,26.0857
106954753,54,106954754,44,119.2764,26.0848
106954753,44,106986241,39,119.2749,26.0858
106954753,55,106954754,39,119.2745,26.0854
106954753,43,62327939,42,119.2768,26.0842
106954753,46,106986241,34,119.2745,26.0854
106954753,40,106986241,30,119.2763,26.0844
106954753,50,106954755,47,119.2758,26.0874
106954753,52,106954754,38,119.2743,26.0858
106954753,46,106986241,39,119.2753,26.0852
106954753,52,106954754,48,119.2748,26.0857
106954753,53,106954754,38,119.2742,26.0852
106954753,44,58737538,36,119.2749,26.0858
106954753,52,106954754,48,119.275,26.086
106954753,56,106986241,43,119.275,26.086
106954753,56,106954754,40,119.2745,26.0861
106954753,44,106986241,37,119.2748,26.0857
106954753,37,106986241,33,119.2756,26.0849
106954753,40,106986241,35,119.275,26.0852
106954753,50,106954755,43,119.2755,26.0869
106954753,52,106986241,39,119.2742,26.0852
106954753,53,106954754,36,119.2747,26.0856
106954753,62,106954754,44,119.2748,26.0855
106954753,37,62327940,32,119.2748,26.0858
106954753,40,null,16,119.2755,26.0847
106954753,48,33637696,33,119.2751,26.0857
106954753,35,106986241,30,119.2746,26.0852
106954753,55,106986241,44,119.2748,26.0857
106954753,41,106986241,37,119.2746,26.0856
106954753,44,62327940,34,119.2732,26.0856
106954753,50,106954754,29,119.2736,26.0852
106954753,58,58737538,45,119.276,26.0852
106954753,42,106986241,42,119.2748,26.0858
106954753,51,106986241,29,119.2748,26.0856
106954753,40,null,16,119.2755,26.0847
106954753,45,106967554,35,119.2748,26.0857
106954753,45,106986241,30,119.2748,26.0857
106954753,51,62327940,36,119.2737,26.0852
106954753,37,106954755,26,119.2766,26.0854
106954753,58,62327939,53,119.276,26.0852
106954753,60,106986241,37,119.2746,26.0855
106954753,52,106954754,36,119.2756,26.0848
106954753,53,106954754,36,119.2747,26.0854
106954753,38,59374466,25,119.2748,26.0857
106954753,50,106986241,42,119.2733,26.0857
106954753,43,62327939,40,119.2756,26.0848
106954753,37,106986241,36,119.2748,26.0857
106954753,36,106967554,29,119.2756,26.0849
106954753,59,106954754,38,119.2744,26.0853
106954753,53,106954754,47,119.2743,26.0857
106954753,36,106967554,33,119.2748,26.0857
106954753,50,106954754,37,119.2744,26.0853
106954753,39,106986241,30,119.2763,26.0844
106954753,41,106954754,37,119.2739,26.0857
106954753,42,106954754,40,119.2738,26.0858
106954753,37,62327939,31,119.2748,26.0858
106954753,52,106954754,37,119.2744,26.0852
106954753,40,58737538,27,119.2748,26.0857
106954753,57,106954755,43,119.2742,26.0858
106954753,58,106954754,47,119.2748,26.0855
106954753,37,106986241,28,119.2739,26.0853
106954753,40,106954755,33,119.2748,26.0857
106954753,60,106986241,45,119.2745,26.0852
106954753,43,106986241,34,119.2748,26.0857
106954753,34,106954754,30,119.2738,26.0858
106954753,51,58737538,36,119.2748,26.0857
106954753,52,106986241,41,119.2744,26.0852
106954753,41,106986241,34,119.2749,26.0854
106954753,41,58737538,39,119.2757,26.0856
106954753,43,62327939,37,119.2756,26.0848
106954753,40,59374466,35,119.2763,26.0844
106954753,42,106986241,37,119.2744,26.0854
106954753,55,106954754,56,119.2742,26.0858
106954753,54,106986241,45,119.2745,26.0852
106954753,55,106954754,41,119.2753,26.0855
106954753,59,106986241,42,119.2734,26.0852
106954753,40,106954754,30,119.2763,26.0844
106954753,54,106986241,43,119.2744,26.085
106954753,40,106986241,37,119.2748,26.0858
106954753,63,106986241,59,119.2749,26.0852
106954753,40,106967554,30,119.2748,26.0857
106954753,45,106954754,42,119.2748,26.0857
106954753,45,106986241,37,119.2748,26.0857
106954753,28,106954754,31,119.2705,26.0863
106954753,39,106986241,36,119.2737,26.0853
106954753,37,106969857,32,119.2748,26.0857
106954753,42,106986241,39,119.2744,26.0854
106954753,48,106954754,42,119.2749,26.0861
106954753,51,106986241,42,119.2742,26.0858
106954753,31,33637696,28,119.2767,26.0844
106954753,54,106986241,41,119.2736,26.0852
106954753,41,106986241,39,119.2756,26.0851
106954753,34,106954755,26,119.2741,26.086
106954753,43,58737538,31,119.275,26.0856
106954753,57,106954754,42,119.2748,26.086
106954753,49,106969857,49,119.2748,26.0857
106954753,59,106986241,47,119.2752,26.0857
106954753,61,106954754,53,119.2733,26.0857
106954753,50,106954755,51,119.275,26.086
106954753,44,106986241,40,119.2748,26.0857
106954753,59,106986241,45,119.2733,26.0852
106954753,43,106986241,32,119.2748,26.0857
106954753,36,null,24,119.2748,26.0857
106954753,52,59374466,39,119.2748,26.0857
106954753,42,58737538,37,119.2758,26.0859
106954753,44,106986241,34,119.2732,26.0856
106954753,62,106986241,47,119.2746,26.0854
106954753,46,106986241,38,119.2758,26.0847
106954753,41,106986241,38,119.2749,26.0858
106954753,47,106954754,37,119.2748,26.0857
106954753,55,106954755,46,119.2743,26.0857
106954753,35,106969857,30,119.2748,26.0857
106954753,39,106986241,34,119.2748,26.0855
106954753,45,106954754,43,119.2733,26.0857
106954753,40,null,15,119.2755,26.0847
106954753,36,106986241,32,119.2737,26.0853
106954753,44,106967554,34,119.2759,26.085
106954753,54,106986241,48,119.2748,26.0857
106954753,57,106986241,51,119.2752,26.0857
106954753,49,106986241,39,119.2754,26.0848
106954753,43,106954755,36,119.2748,26.0857
106954753,39,106986241,34,119.2748,26.0857
106954753,36,106954754,26,119.2748,26.0857
106954753,55,106954754,41,119.2749,26.0854
106954753,49,106986241,38,119.2744,26.0853
106954753,61,106986241,61,119.2748,26.0857
106954753,38,59374466,31,119.2748,26.0857
106954753,53,106986241,44,119.2748,26.0857
106954753,36,62327940,32,119.2748,26.0858
106954753,41,106954754,38,119.2748,26.0857
106954753,45,106954754,29,119.2748,26.0857
106954753,46,106986241,42,119.2753,26.0852
106954753,38,106986241,30,119.2748,26.0857
106954753,42,106986241,41,119.2748,26.0858
106954753,56,106986241,40,119.2756,26.0848
106954753,53,106986241,44,119.2743,26.0857
106954753,63,106954754,41,119.2748,26.0857
106954753,28,5735554,30,119.2704,26.0862
106954753,38,106954755,30,119.2766,26.0852
106954753,50,106986241,42,119.2738,26.0852
106954753,44,106954755,37,119.2745,26.0854
106954753,43,106986241,33,119.2741,26.0852
106954753,41,106986241,28,119.2739,26.0857
106954753,46,62327940,37,119.274,26.0849
106954753,37,106986241,36,119.2754,26.0851
106954753,43,106986241,41,119.2756,26.0848
106954753,40,106986241,33,119.2748,26.0857
106954753,44,106986241,35,119.2758,26.0847
106954753,37,106967554,30,119.2748,26.0857
106954753,39,59374466,37,119.2763,26.0844
106954753,43,106987267,40,119.2768,26.0842
106954753,43,106986241,36,119.275,26.0856
106954753,52,106954754,43,119.2743,26.0855
106954753,39,106954755,29,119.275,26.0864
106954753,39,106986241,32,119.2748,26.0855
106954753,40,106986241,28,119.2763,26.0844
106954753,44,106986241,43,119.2745,26.0854
106954753,49,106986241,39,119.2754,26.085
106954753,53,106954754,46,119.2758,26.0874
106954753,55,106954754,49,119.2742,26.0858
106954753,40,null,26,119.2748,26.0857
106954753,42,106954754,30,119.2748,26.0857
106954753,53,106986241,44,119.2734,26.0844
106954753,54,106954754,50,119.2748,26.0857
106954753,59,106986241,45,119.2734,26.0852
106954753,39,106986241,31,119.2767,26.0844
106954753,40,62327939,38,119.2746,26.0855
106954753,44,58737538,32,119.2763,26.0855
106954753,56,106986241,45,119.2751,26.0857
106954753,35,106954755,34,119.2756,26.0872
106954753,53,62327939,43,119.2751,26.0858
106954753,54,106986241,45,119.2744,26.0854
106954753,39,106954754,37,119.2735,26.0858
106954753,47,106986241,36,119.2748,26.0857
106954753,49,62327940,36,119.2739,26.0851
106954753,39,106954754,33,119.2763,26.0844
106954753,38,106986241,29,119.2754,26.0847
106954753,39,106986241,35,119.2737,26.0853
106954753,49,106954754,39,119.2744,26.0853
106954753,55,106954755,43,119.2742,26.0858
106954753,40,106986241,35,119.2748,26.0857
106954753,39,106986241,29,119.2763,26.0844
106954753,49,106954754,46,119.2743,26.0854
106954753,57,106954754,47,119.2748,26.0855
106954753,44,106986241,40,119.2751,26.0856
106954753,46,106986241,38,119.2749,26.0858
106954753,62,106954754,46,119.2748,26.0855
106954753,47,null,35,119.2748,26.0857
106954753,42,106967554,35,119.2756,26.085
106954753,54,106954754,43,119.2758,26.0874
106954753,41,106986241,32,119.2748,26.0857
106954753,49,106986241,43,119.2748,26.0857
106954753,41,106986241,35,119.2748,26.0855
106954753,39,106967554,33,119.2748,26.0857
106954753,40,106986241,35,119.2745,26.0853
106954753,45,106986241,43,119.275,26.0857
106954753,41,106986241,40,119.2756,26.0851
106954753,53,106986241,36,119.2747,26.0855
106954753,43,106986241,44,119.2756,26.0848
106954753,44,106954755,20,119.2748,26.0857
106954753,37,58737538,30,119.2748,26.0857
106954753,43,33637696,41,119.2768,26.0842
106954753,46,106954754,39,119.2737,26.0852
106954753,37,106986241,28,119.2753,26.0848
106954753,58,106986241,40,119.2747,26.0854
106954753,55,106986241,45,119.2748,26.0861
106954753,58,106986241,49,119.2751,26.0857
106954753,57,106954754,45,119.2746,26.0855
106954753,43,106986241,36,119.2748,26.0858
106954753,52,106954755,40,119.2755,26.0869
106954753,53,106954755,41,119.2743,26.0857
106954753,49,106954754,37,119.2748,26.0857
106954753,57,106954754,36,119.2748,26.0855
106954753,38,106954754,37,119.2755,26.0862
106954753,41,106986241,36,119.2748,26.0855
106954753,39,106954755,30,119.2767,26.0844
106954753,62,106986241,55,119.2746,26.0852
106954753,39,106954755,36,119.2751,26.0865
106954753,46,106986241,40,119.2748,26.0857
106954753,28,106954754,31,119.2704,26.0862
106954753,46,62327940,34,119.2741,26.0853
106954753,41,106986241,30,119.2746,26.0856
106954753,54,106954754,35,119.2748,26.0857
106954753,40,106954754,32,119.2763,26.0844
106954753,58,106954754,38,119.2744,26.0853
106954753,59,106986241,49,119.2751,26.0857
106954753,60,106986241,49,119.2742,26.085
106954753,46,106954754,39,119.274,26.0849
106954753,46,106954755,32,119.2745,26.0854
106954753,36,106986241,29,119.275,26.0856
106954753,56,62327940,46,119.2739,26.0851
106954753,57,106954754,51,119.2735,26.0857
106954753,40,106954754,44,119.2751,26.0864
106954753,44,106986241,40,119.2737,26.0852
106954753,58,106954754,49,119.2748,26.0855
106954753,59,106954754,38,119.2751,26.0857
106954753,45,106986241,42,119.2748,26.0857
106954753,48,null,29,119.2753,26.0854
106954753,49,106954754,46,119.2744,26.0853
106954753,52,106954755,51,119.275,26.086
106954753,58,106954755,50,119.2764,26.0848
106954753,59,106954754,30,119.275,26.086
106954753,40,62327939,34,119.275,26.0854
106954753,48,62327940,33,119.2738,26.0852
106954753,54,106954755,49,119.2745,26.0866
106954753,41,59374466,27,119.2745,26.0844
106954753,44,106986241,41,119.2748,26.0857
106954753,44,106954754,43,119.2745,26.0854
106954753,56,106954755,53,119.2748,26.086
106954753,57,62327939,42,119.2764,26.0848
106954753,36,62327939,30,119.2748,26.0858
106954753,36,58737538,30,119.2757,26.0849
106954753,49,106954755,39,119.2744,26.0854
106954753,44,106986241,39,119.2749,26.0859
106954753,43,106986241,38,119.2748,26.0858
106954753,46,106986241,38,119.2748,26.0858
106954753,52,106954755,38,119.2744,26.0862
106954753,41,106954754,31,119.2739,26.0862
106954753,38,106986241,29,119.2748,26.0857
106954753,40,106967554,30,119.2756,26.0849
106954753,48,106986241,31,119.2748,26.0857
106954753,48,106986241,48,119.2738,26.0852
106954753,48,106954754,46,119.2731,26.0858
106954753,38,106986241,39,119.2748,26.0858
106954753,63,106986241,52,119.2749,26.0852
106954753,51,106954755,48,119.2764,26.0848
106954753,44,106986241,36,119.2748,26.0857
106954753,50,null,33,119.2763,26.0855
106954753,55,106986241,44,119.2751,26.0857
106954753,44,106954754,30,119.2748,26.0857
106954753,52,106954754,41,119.2742,26.0858
106954753,48,106986241,36,119.2742,26.0859
106954753,39,59374466,34,119.2763,26.0844
106954753,45,62327940,41,119.275,26.0857
106954753,51,106954754,37,119.2744,26.0853
106954753,43,106986241,43,119.2756,26.0848
106954753,44,106986241,38,119.2745,26.0854
106954753,48,58737538,40,119.2748,26.0858
106954753,57,106986241,44,119.2742,26.0858
106954753,62,106986241,58,119.275,26.0854
106954753,43,33637696,40,119.2749,26.0858
106954753,49,106954754,37,119.2739,26.0851
106954753,53,106954754,51,119.2734,26.0857
106954753,58,106954754,40,119.2751,26.0857
106954753,49,106986241,39,119.2744,26.0854
106954753,40,null,36,119.2746,26.0855
106954753,58,106954754,52,119.2751,26.0858
106954753,37,106986241,32,119.2748,26.0857
106954753,43,106986241,40,119.2768,26.0842
106954753,52,106986241,46,119.2735,26.0842
106954753,47,106986241,41,119.2748,26.0858
106954753,62,106954754,44,119.2748,26.0857
106954753,43,106986241,37,119.2751,26.0857
106954753,43,59374466,27,119.2748,26.0857
106954753,55,62327939,48,119.2745,26.0866
106954753,37,58737538,24,119.2748,26.0857
106954753,39,106986241,31,119.2763,26.0844
106954753,43,106954755,35,119.2756,26.0848
106954753,44,106954754,46,119.2748,26.0857
106954753,45,106954755,39,119.2703,26.0862
106954753,49,106986241,36,119.2745,26.0854
106954753,44,106986241,33,119.2748,26.0857
106954753,46,106986241,37,119.2748,26.0858
106954753,48,106954754,33,119.2748,26.0857
106954753,36,62327939,31,119.2748,26.0858
106954753,43,106986241,41,119.2749,26.0858
106954753,40,106954754,31,119.2748,26.0857
106954753,56,106954755,51,119.2743,26.0857
106954753,40,106986241,27,119.2763,26.0844
106954753,42,106986241,37,119.2749,26.0858
106954753,53,62327939,46,119.2764,26.0848
106954753,42,106986241,41,119.2758,26.0859
106954753,50,58737538,36,119.2748,26.0857
106954753,39,106986241,28,119.2763,26.0844
106954753,44,106986241,31,119.2756,26.085
106954753,63,106986241,46,119.2748,26.0855
106954753,53,106954754,48,119.2764,26.0848
106954753,36,106954754,31,119.2751,26.0861
106954753,40,59374466,37,119.2763,26.0844
106954753,44,59374466,30,119.2748,26.0857
106954753,37,106986241,33,119.2748,26.0857
106954753,43,106986241,41,119.2768,26.0842
106954753,41,106986241,27,119.2753,26.0847
106954753,53,106986241,48,119.2738,26.0852
106954753,51,106954754,48,119.2737,26.0857
106954753,58,106954754,50,119.2735,26.0857
106954753,37,106986241,34,119.2748,26.0857
106954753,43,62327940,37,119.2768,26.0842
106954753,50,106954754,32,119.2748,26.0857
106954753,53,106986241,38,119.2747,26.0856
106954753,41,106986241,37,119.2748,26.0858
106954753,60,106954754,38,119.2745,26.0854
106954753,49,106986241,39,119.2744,26.0853
106954753,47,106986241,41,119.2748,26.0857
106954753,58,62327940,53,119.276,26.0852
106954753,45,106954754,40,119.2703,26.0862
106954753,41,106986241,31,119.2748,26.0857
106954753,49,106986241,42,119.2748,26.0857
106954753,57,106954755,49,119.2764,26.0848
106954753,40,106954754,31,119.2763,26.0844
106954753,42,106954754,37,119.2737,26.0858
106954753,42,58737538,33,119.2748,26.0857
106954753,53,106954754,38,119.2747,26.0856
106954753,36,106986241,29,119.2757,26.0849
106954753,38,106954755,32,119.2755,26.0867
106954753,43,null,34,119.2748,26.0858
106954753,47,106986241,39,119.275,26.0859
106954753,62,106986241,55,119.2748,26.0851
106954753,43,62327940,41,119.2768,26.0842
106954753,52,106986241,35,119.2744,26.0854
106954753,40,106986241,36,119.2737,26.0853
106954753,56,106954755,50,119.2764,26.0848
106954753,40,106986241,39,119.2748,26.0858
106954753,47,58737538,29,119.2753,26.0854
106954753,53,106986241,40,119.2744,26.085
106954753,55,106986241,49,119.2753,26.0855
106954753,47,59374466,34,119.2742,26.0859
106954753,51,106986241,46,119.2733,26.0857
106954753,43,106986241,35,119.2741,26.0852
106954753,50,58737538,37,119.2748,26.0857
106954753,58,106954754,35,119.2742,26.085
106954753,46,62327940,37,119.2737,26.0852
106954753,54,106954755,41,119.2746,26.0855
106954753,54,106954755,50,119.2758,26.0874
106954753,52,106954754,38,119.2742,26.0852
106954753,58,null,35,119.2747,26.0854
106954753,51,106954754,43,119.2764,26.0848
106954753,44,106986241,35,119.2749,26.0858
106954753,53,106954755,44,119.2751,26.0858
106954753,49,106954754,44,119.2764,26.0848
106954753,55,106954754,36,119.2745,26.0861
106954753,40,106986241,31,119.275,26.0854
106954753,53,62327939,50,119.2745,26.0866
106954753,57,106986241,49,119.2751,26.0857
106954753,57,106954754,40,119.2747,26.0854
106954753,39,106986241,39,119.2754,26.0851
106954753,48,106969857,30,119.2742,26.0859
106954753,41,106954754,25,119.2746,26.0856
106954753,50,106967554,34,119.2763,26.0855
106954753,53,106954754,52,119.2748,26.0857
106954753,59,106986241,45,119.275,26.086
106954753,49,106986241,38,119.2754,26.0848
106954753,52,106954754,37,119.2744,26.0854
106954753,55,106954755,49,119.2748,26.0861
106954753,57,62327940,46,119.276,26.0852
106954753,45,58737538,36,119.2749,26.0858
106954753,50,106954754,49,119.2756,26.0848
106954753,42,106986241,38,119.2748,26.0858
106954753,53,106986241,35,119.2743,26.0856
106954753,46,62327940,34,119.2738,26.0852
106954753,59,106986241,43,119.2744,26.0853
106954753,49,106954755,41,119.2766,26.0851
106954753,51,106986241,39,119.2748,26.0857
106954753,56,106954754,39,119.2745,26.0854
106954753,56,62327939,43,119.2758,26.0874
106954753,60,106954754,43,119.2748,26.0857
106954753,56,106954754,47,119.2758,26.0874
106954753,41,106954754,26,119.2746,26.0856
106954753,54,106954754,40,119.2742,26.0858
106954753,42,106986241,34,119.2748,26.0857
106954753,51,106954755,49,119.2748,26.0861
106954753,46,106954755,36,119.2748,26.0858
106954753,42,106986241,39,119.2748,26.0858
106954753,62,106986241,59,119.2749,26.0853
106954753,36,106967554,29,119.2757,26.0849
106954753,39,33637696,28,119.2767,26.0844
106954753,42,106986241,29,119.2737,26.0858
106954753,53,106954754,37,119.2748,26.0854
106954753,53,62327939,42,119.2764,26.0848
106954753,51,106986241,33,119.2747,26.0854
106954753,45,106968835,40,119.2703,26.0862
106954753,40,58737538,27,119.2756,26.0849
106954753,49,106954754,48,119.2734,26.0856
106954753,50,106954755,42,119.2756,26.085
106954753,41,62327939,30,119.2748,26.0857
106954753,49,106986241,45,119.2735,26.0842
106954753,53,106954755,48,119.2758,26.0874
106954753,45,106986241,37,119.2732,26.0857
106954753,50,106954754,37,119.2748,26.0857
106954753,42,106986241,37,119.2751,26.0857
106954753,53,59374466,36,119.2748,26.0857
106954753,45,62327939,46,119.275,26.0857
106954753,39,106954754,30,119.2737,26.0853
106954753,50,106986241,41,119.2748,26.0857
106954753,48,106986241,42,119.2748,26.0857
106954753,52,33637696,29,119.2748,26.0857
106954753,53,106954754,40,119.2747,26.0856
106954753,51,106954754,48,119.2748,26.0857
106954753,48,106954754,44,119.2733,26.0857
106954753,52,106986241,41,119.2742,26.0858
106954753,57,106954754,50,119.2742,26.0858
106954753,38,33637696,34,119.2748,26.0857
106954753,52,106954754,36,119.2748,26.0857
106954753,50,106954754,42,119.2742,26.0858
106954753,54,106954754,36,119.2746,26.0855
106954753,40,106954755,44,119.2751,26.0864
106954753,43,62327939,34,119.2756,26.0848
106954753,50,106954755,42,119.2756,26.0848
106954753,61,106986241,41,119.2746,26.0854
106954753,53,106954754,44,119.2742,26.0858
106954753,58,58737538,46,119.276,26.0852
106954753,51,106986241,47,119.2751,26.0856
106954753,54,106986241,43,119.2743,26.0858
106954753,47,106954755,41,119.2748,26.0857
106954753,57,106986241,46,119.2749,26.0853
106954753,43,106954755,35,119.2751,26.0857
106954753,53,106954754,38,119.2743,26.0858
106954753,56,106954754,41,119.275,26.086
106954753,50,106986241,40,119.2736,26.0852
106954753,51,106954755,45,119.2753,26.0869
106954753,58,106954754,46,119.2746,26.0854
106954753,57,106954754,47,119.2764,26.0848
106954753,41,106986241,41,119.2748,26.0858
106954753,63,106986241,54,119.2749,26.0853
106954753,54,106954754,44,119.2744,26.0854
106954753,45,106954754,43,119.2735,26.0854
106954753,40,106986241,35,119.2737,26.0853
106954753,36,62327940,33,119.2748,26.0858
106954753,45,106986241,34,119.2748,26.0857
106954753,47,106986241,38,119.2748,26.0857
106954753,49,62327939,45,119.2764,26.0848
106954753,52,106954754,45,119.2744,26.0862
106954753,54,106986241,35,119.2745,26.0854
106954753,54,106986241,40,119.2747,26.0854
106954753,43,106986241,39,119.2749,26.0858
106954753,49,106954754,38,119.2748,26.0857
106954753,43,58737538,35,119.2749,26.0858
106954753,52,106986241,39,119.2743,26.0858
106954753,47,106954754,44,119.2735,26.0854
106954753,44,106954754,34,119.2732,26.0856
106954753,44,33637696,31,119.2763,26.0855
106954753,43,106986241,39,119.2758,26.0851
106954753,40,106986241,38,119.2756,26.0851
106954753,45,106968833,39,119.2703,26.0862
106954753,52,106986241,50,119.2748,26.0857
106954753,45,5735554,41,119.2703,26.0862
106954753,44,106986241,42,119.2758,26.0859
106954753,58,106986241,57,119.2749,26.0852
106954753,39,106986241,32,119.2748,26.0857
106954753,58,62327938,49,119.276,26.0852
106954753,59,106954754,38,119.2744,26.0854
106954753,51,106954754,47,119.2733,26.0857
106954753,37,106967554,29,119.2757,26.0849
106954753,40,59374466,36,119.2763,26.0844
106954753,41,62327940,32,119.2748,26.0858
106954753,41,106986241,39,119.2758,26.0851
106954753,38,106986241,31,119.2744,26.0854
106954753,46,null,25,119.2748,26.0857
106954753,46,106986241,41,119.2733,26.0857
106954753,49,106986241,37,119.2748,26.0857
106954753,35,106986241,27,119.2748,26.0857